cam0:
  T_cam_imu:
  - [0.9999711474430529, 0.0013817010649267755, -0.007469617365767657, 0.00018050225881571712]
  - [-0.0014085305353606873, 0.9999925720306121, -0.00358774655345255, -0.004316353415695194]
  - [0.007464604688444933, 0.0035981642219379494, 0.9999656658561218, -0.027547385763471585]
  - [0.0, 0.0, 0.0, 1.0]
  cam_overlaps: []
  camera_model: pinhole
  distortion_coeffs: [-0.027576733308582076, -0.006593578674675004, 0.0008566938165177085,
    -0.00030899587045247486]
  distortion_model: equidistant
  intrinsics: [320.031367738581442, 320.0186088501684225, 302.172334931455211, 249.7414509470709285]
  # resolution: [346, 260]]
  resolution: [640, 480]
  rostopic: /dvs/image_raw
  timeshift_cam_imu: 0.005532805640108713

cam1:
  T_cam_imu:
  - [0.9999711474430529, 0.0013817010649267755, -0.007469617365767657, 0.00018050225881571712]
  - [-0.0014085305353606873, 0.9999925720306121, -0.00358774655345255, -0.004316353415695194]
  - [0.007464604688444933, 0.0035981642219379494, 0.9999656658561218, -0.027547385763471585]
  - [0.0, 0.0, 0.0, 1.0]
  cam_overlaps: []
  camera_model: pinhole
  distortion_coeffs: [-0.027576733308582076, -0.006593578674675004, 0.0008566938165177085,
    -0.00030899587045247486]
  distortion_model: equidistant
  intrinsics: [320.031367738581442, 320.0186088501684225, 302.172334931455211, 249.7414509470709285]
  # resolution: [346, 260]]
  resolution: [640, 480]
  rostopic: /dvs/image_raw
  timeshift_cam_imu: 0.005532805640108713